31 0 0 0 0 30
32 0 0 1 0 10
33 1 0 0 0 15
34 1 0 0 1 29
33 2 0 0 0 30 
40 2 0 1 0 59
39 3 0 0 1 55
51 3 0 1 0 30
54 3 0 1 0 17
38 4 0 0 0 11
39 4 0 0 1 45
43 4 0 0 1 40
37 5 0 0 0 55
39 5 0 0 0 30 
41 6 0 0 0 31
41 6 0 0 0 30
42 7 0 0 1 50 
46 9 0 0 1 18
49 12 0 0 0 35
54 15 0 0 0 30 
30 1 1 0 1 7
34 2 1 0 0 7
42 2 1 0 0 30
36 2 1 0 1 30
43 3 1 0 0 28
44 3 1 1 0 24
46 4 1 0 0 7
43 4 1 0 1 51
45 4 1 0 1 22
47 4 1 0 1 35
44 5 1 0 0 34
34 5 1 0 1 57
46 6 1 0 0 43
51 7 1 0 0 35
47 7 1 0 1 21
50 8 1 0 0 30
51 8 1 0 0 15
51 9 1 0 1 24 
51 9 1 1 0 30
54 10 1 1 0 56
63 10 1 1 0 55
56 12 1 1 0 19
58 13 1 1 0 44
58 14 1 0 0 44
59 14 1 0 0 38
58 14 1 0 1 38
66 17 1 0 0 50
67 19 1 0 1 37
59 20 1 0 1 40






64 22 1 1 0 44
